# Created by Octave 5.1.0, Thu Jun 11 16:03:47 2020 GMT <unknown@OKONKWO>
# name: Adam_Loss
# type: matrix
# rows: 100
# columns: 1
 290.27915872348535
 267.94206912182267
 239.65007455347816
 209.14019652362057
 178.56333842059226
 149.2898251642722
 122.19701736067447
 97.817337396630279
 76.430822092586752
 58.12988483343544
 42.867732216956547
 30.495992278077914
 20.794612046314775
 13.495887093907447
 8.3038559316920502
 4.9099312010466472
 3.0054167761806525
 2.2914128040753674
 2.4865077417327965
 3.3325806856061786
 4.5989792783822807
 6.085292772745146
 7.6229032316164904
 9.0754684893495128
 10.338467366946116
 11.337920251677781
 12.028386394410944
 12.390333213406608
 12.426972609480847
 12.160664703848957
 11.62900000190078
 10.880685589866479
 9.9713775211110018
 8.9596169781949992
 7.9030381509120318
 6.8550166374344013
 5.8619144761108499
 4.9610489673683515
 4.1794670653205541
 3.5335483903101679
 3.0293942323077405
 2.6638960828705196
 2.4263246912418088
 2.3002472929180118
 2.2655709730131126
 2.3005241341566651
 2.3834215569722028
 2.4941044667129031
 2.6149971912470424
 2.7317690050594061
 2.8336282144201017
 2.9133026039405157
 2.9667755686146933
 2.9928519162145184
 2.9926237904213959
 2.9688981218571073
 2.9256349804580681
 2.8674332354301537
 2.7990875152169088
 2.7252295355380376
 2.6500579041990417
 2.5771536488603908
 2.5093738500265244
 2.4488126632897664
 2.3968173868637863
 2.3540467640362626
 2.3205591142114241
 2.2959189034896466
 2.2793117796236313
 2.2696597310954498
 2.2657297482776499
 2.2662310615957657
 2.2698976305892362
 2.2755540049272001
 2.2821639383997492
 2.2888621891208505
 2.2949707750009112
 2.3000015739600692
 2.3036475721943077
 2.3057652863324241
 2.3063509369813171
 2.3055128564456768
 2.3034423997221412
 2.3003853243060499
 2.2966152404590576
 2.2924103380876195
 2.2880341959227479
 2.2837210967180712
 2.2796659280139284
 2.2760184561815797
 2.2728815313772497
 2.2703126170124346
 2.2683279389462929
 2.2669085122819763
 2.2660073196082675
 2.265556973723498
 2.2654772890358528
 2.2656822974271198
 2.2660863654686252
 2.2666091908315638


