# Created by Octave 5.1.0, Thu Jun 11 16:03:45 2020 GMT <unknown@OKONKWO>
# name: Loss_Data
# type: matrix
# rows: 100
# columns: 5
 290.27915872348535 290.27915872348535 290.27915872348535 290.27915872348535 290.27915872348535
 169.78324893895578 169.78324893895578 13070141.239091 289.03773099896597 267.94206912182267
 99.760638215439656 41.404366528958526 594405435684.99817 288.13970291844856 239.65007455347816
 59.069069563435001 4.2643160535004982 27032328243848552 287.38930834095231 209.14019652362057
 35.422355221251514 62.505804016434681 1.2293743316627651e+21 286.72431019727316 178.56333842059226
 21.68074611713859 139.72000307288687 5.5909399796164698e+25 286.11581627763383 149.2898251642722
 13.695191479911312 158.84838665189329 2.542643770137091e+30 285.54772474212803 122.19701736067447
 9.0545950470998804 107.46329544823473 1.1563417538709549e+35 285.0100196478071 97.817337396630279
 6.3578206293691419 35.930050856646062 5.2588029335830395e+39 284.49599369636434 76.430822092586752
 4.7906400054643932 2.7583958600615457 2.3915947168459493e+44 284.00091072631108 58.12988483343544
 3.8798888953292923 23.448400987249162 1.0876477711531909e+49 283.52129029589776 42.867732216956547
 3.350602086414149 65.479251167503236 4.9463969198536459e+53 283.05449406215678 30.495992278077914
 3.0429918024660663 84.91619632655194 2.2495189286138452e+58 282.59847181637048 20.794612046314775
 2.8642021756350493 65.731862929126777 1.0230346436374756e+63 282.15159787750525 13.495887093907447
 2.7602728067192985 28.031606864697363 4.6525497908451528e+67 281.71256147189365 8.3038559316920502
 2.6998462301171089 4.1261088998995659 2.1158833369834446e+72 281.28029083776306 4.9099312010466472
 2.664699996337577 8.8195710127939755 9.6225994282394101e+76 280.85389919860705 3.0054167761806525
 2.644244676066918 30.169681459539415 4.3761590319229359e+81 280.4326453748746 2.2914128040753674
 2.6323265404527971 44.653068598694908 1.9901865411209983e+86 280.01590446592479 2.4865077417327965
 2.6253695347649497 39.258025446226384 9.0509564199240676e+90 279.60314562691656 3.3325806856061786
 2.6212955421833382 20.481735000184667 4.1161876247651823e+95 279.19391495040333 4.5989792783822807
 2.6188969275223775 5.1017754024994826 1.871956926560051e+100 278.78782208974633 6.085292772745146
 2.6174719098583807 3.9984961792688796 8.5132726064596374e+104 278.38452967140375 7.6229032316164904
 2.6166126702814823 14.046279633909185 3.8716601564694702e+109 277.98374481725375 9.0754684893495128
 2.6160822170786839 23.406229225215814 1.7607508957036561e+114 277.58521228517958 10.338467366946116
 2.6157428296326071 23.192433175250635 8.0075305977999596e+118 277.18870886620635 11.337920251677781
 2.615514475742053 14.422639301681061 3.6416591598028336e+123 276.79403876843145 12.028386394410944
 2.6153506470965473 5.2639069684410833 1.6561512034458512e+128 276.40102978400068 12.390333213406608
 2.6152243167880047 2.7492253105180819 7.531832849573001e+132 276.00953008343328 12.426972609480847
 2.6151197789403215 7.0291933051200912 3.4253216708640795e+137 275.61940551702918 12.160664703848957
 2.6150279065551776 12.544207578559231 1.5577653916677465e+142 275.23053732952894 11.62900000190078
 2.6149433957515087 13.809660644018667 7.0843945434929598e+146 274.84282021413543 10.880685589866479
 2.6148631643380376 10.039166740318009 3.2218359912426081e+151 274.45616064719763 9.9713775211110018
 2.6147854211917965 4.9119500469258739 1.4652243167343796e+156 274.07047545655291 8.9596169781949992
 2.6147091254553954 2.6038965962941747 6.6635368907208421e+160 273.68569058558415 7.9030381509120318
 2.6146336722657511 4.1526955001552146 3.0304386425254151e+165 273.30174002216307 6.8550166374344013
 2.6145587101247783 7.1712406086897165 1.3781807644675362e+170 272.91856486723253 5.8619144761108499
 2.6144840347698612 8.515744134347063 6.2676808330475642e+174 272.5361125222496 4.9610489673683515
 2.6144095274998427 7.0879849466697156 2.8504115017255525e+179 272.1543359782533 4.1794670653205541
 2.6143351193350464 4.3734539190705579 1.2963081473979188e+184 271.77319319220612 3.5335483903101679
 2.614260770189941 2.6898843212980372 5.8953411182664431e+188 271.39264653857595 3.0293942323077405
 2.6141864567699531 3.064164091632628 2.6810791068841789e+193 271.01266232601796 2.6638960828705196
 2.6141121655380815 4.6058662469939993 1.2192992794087196e+198 270.6332103705862 2.4263246912418088
 2.6140378886276343 5.6234580944035235 5.5451207275058107e+202 270.25426361817591 2.3002472929180118
 2.6139636214670565 5.2069434117294708 2.5218061227367861e+207 269.87579780996862 2.2655709730131126
 2.6138893613996617 3.8482435405188951 1.1468652231730998e+212 269.49779118554096 2.3005241341566651
 2.6138151068815283 2.7568409849454727 5.2157056336133335e+216 269.12022421903686 2.3834215569722028
 2.6137408570153911 2.6980261350237362 2.3719949569348764e+221 268.7430793844394 2.4941044667129031
 2.6136666112797595 3.4281151675337918 1.0787342060611393e+226 268.36634094649241 2.6149971912470424
 2.6135923693715228 4.091412495001018 4.905859870925117e+230 267.98999477428868 2.7317690050594061
 2.6135181311144771 4.0600591231690712 2.2310835178790432e+235 267.61402817491199 2.8336282144201017
 2.613443896406149 3.4214931530624932 1.0146506004487339e+240 267.23842974485399 2.9133026039405157
 2.6133696651869363 2.7677248841383286 4.6144208979217247e+244 266.86318923720847 2.9667755686146933
 2.6132954374221313 2.5974976017260532 2.0985431057508705e+249 266.48829744288821 2.9928519162145184
 2.613221213091498 2.9110791454491993 9.543739646025702e+253 266.11374608431601 2.9926237904213959
 2.6131469921832164 3.3041746253071418 4.3402952353715352e+258 265.73952772023222 2.9688981218571073
 2.613072774690349 3.3866033400319631 1.9738764288308745e+263 265.36563566041144 2.9256349804580681
 2.6129985606087951 3.1095277187098431 8.9767814054257694e+267 264.99206388922079 2.8674332354301537
 2.6129243499361152 2.741533637126921 4.0824543635959448e+272 264.61880699707871 2.7990875152169088
 2.6128501426708151 2.5805289499797532 1.8566157376596026e+277 264.24586011897571 2.7252295355380376
 2.6127759388119705 2.695591307786136 8.4435040549701876e+281 263.87321887930619 2.6500579041990417
 2.6127017383589797 2.9116532427149426 3.8399308634627667e+286 263.50087934235501 2.5771536488603908
 2.6126275413114159 3.0038494846278225 1.7463210700413383e+291 263.12883796784274 2.5093738500265244
 2.6125533476689782 2.897130284178258 7.9419067376651366e+295 262.75709157100516 2.4488126632897664
 2.6124791574314181 2.7011212827484763 3.6118147866290054e+300 262.38563728673768 2.3968173868637863
 2.6124049705985306 2.5820141496116236 1.6425786003056377e+305 262.01447253737996 2.3540467640362626
 2.6123307871701256 2.6109224292230087 Inf 261.6435950037735 2.3205591142114241
 2.6122566071460356 2.7215720481527161 Inf 261.27300259924675 2.2959189034896466
 2.612182430526091 2.7923753132585816 Inf 260.90269344623596 2.2793117796236313
 2.6121082573101315 2.7597603960764454 Inf 260.53266585526677 2.2696597310954498
 2.6120340874979928 2.660858198600446 Inf 260.16291830605974 2.2657297482776499
 2.6119599210895239 2.5828236555775095 Inf 259.79344943053906 2.2662310615957657
 2.6118857580845614 2.579440319348536 Inf 259.42425799755569 2.2698976305892362
 2.6118115984829502 2.631835742783418 Inf 259.05534289914982 2.2755540049272001
 2.6117374422845341 2.6781886480684878 Inf 258.68670313819115 2.2821639383997492
 2.6116632894891585 2.6741649914625287 Inf 258.31833781726851 2.2888621891208505
 2.6115891400966635 2.6270713603444351 Inf 257.95024612869236 2.2949707750009112
 2.6115149941068987 2.5798004202493177 Inf 257.58242734550061 2.3000015739600692
 2.6114408515196996 2.567700976360094 Inf 257.21488081337174 2.3036475721943077
 2.6113667123349154 2.5900353047373907 Inf 256.84760594334665 2.3057652863324241
