# Created by Octave 5.1.0, Thu Jun 11 16:03:46 2020 GMT <unknown@OKONKWO>
# name: RMSProp_Loss
# type: matrix
# rows: 100
# columns: 1
 290.27915872348535
 289.03773099896597
 288.13970291844856
 287.38930834095231
 286.72431019727316
 286.11581627763383
 285.54772474212803
 285.0100196478071
 284.49599369636434
 284.00091072631108
 283.52129029589776
 283.05449406215678
 282.59847181637048
 282.15159787750525
 281.71256147189365
 281.28029083776306
 280.85389919860705
 280.4326453748746
 280.01590446592479
 279.60314562691656
 279.19391495040333
 278.78782208974633
 278.38452967140375
 277.98374481725375
 277.58521228517958
 277.18870886620635
 276.79403876843145
 276.40102978400068
 276.00953008343328
 275.61940551702918
 275.23053732952894
 274.84282021413543
 274.45616064719763
 274.07047545655291
 273.68569058558415
 273.30174002216307
 272.91856486723253
 272.5361125222496
 272.1543359782533
 271.77319319220612
 271.39264653857595
 271.01266232601796
 270.6332103705862
 270.25426361817591
 269.87579780996862
 269.49779118554096
 269.12022421903686
 268.7430793844394
 268.36634094649241
 267.98999477428868
 267.61402817491199
 267.23842974485399
 266.86318923720847
 266.48829744288821
 266.11374608431601
 265.73952772023222
 265.36563566041144
 264.99206388922079
 264.61880699707871
 264.24586011897571
 263.87321887930619
 263.50087934235501
 263.12883796784274
 262.75709157100516
 262.38563728673768
 262.01447253737996
 261.6435950037735
 261.27300259924675
 260.90269344623596
 260.53266585526677
 260.16291830605974
 259.79344943053906
 259.42425799755569
 259.05534289914982
 258.68670313819115
 258.31833781726851
 257.95024612869236
 257.58242734550061
 257.21488081337174
 256.84760594334665
 256.48060220528026
 256.11386912195371
 255.74740626377184
 255.38121324399694
 255.01528971445717
 254.64963536168588
 254.28424990344826
 253.91913308561536
 253.55428467935087
 253.18970447858067
 252.82539229771473
 252.46134796959649
 252.09757134366066
 251.73406228427072
 251.3708206692267
 251.0078463884204
 250.64513934262575
 250.28269944240981
 249.92052660715356
 249.55862076416932


