# Created by Octave 5.1.0, Thu Jun 11 16:03:46 2020 GMT <unknown@OKONKWO>
# name: SGDwM_Loss
# type: matrix
# rows: 100
# columns: 1
 290.27915872348535
 169.78324893895578
 41.404366528958526
 4.2643160535004982
 62.505804016434681
 139.72000307288687
 158.84838665189329
 107.46329544823473
 35.930050856646062
 2.7583958600615457
 23.448400987249162
 65.479251167503236
 84.91619632655194
 65.731862929126777
 28.031606864697363
 4.1261088998995659
 8.8195710127939755
 30.169681459539415
 44.653068598694908
 39.258025446226384
 20.481735000184667
 5.1017754024994826
 3.9984961792688796
 14.046279633909185
 23.406229225215814
 23.192433175250635
 14.422639301681061
 5.2639069684410833
 2.7492253105180819
 7.0291933051200912
 12.544207578559231
 13.809660644018667
 10.039166740318009
 4.9119500469258739
 2.6038965962941747
 4.1526955001552146
 7.1712406086897165
 8.515744134347063
 7.0879849466697156
 4.3734539190705579
 2.6898843212980372
 3.064164091632628
 4.6058662469939993
 5.6234580944035235
 5.2069434117294708
 3.8482435405188951
 2.7568409849454727
 2.6980261350237362
 3.4281151675337918
 4.091412495001018
 4.0600591231690712
 3.4214931530624932
 2.7677248841383286
 2.5974976017260532
 2.9110791454491993
 3.3041746253071418
 3.3866033400319631
 3.1095277187098431
 2.741533637126921
 2.5805289499797532
 2.695591307786136
 2.9116532427149426
 3.0038494846278225
 2.897130284178258
 2.7011212827484763
 2.5820141496116236
 2.6109224292230087
 2.7215720481527161
 2.7923753132585816
 2.7597603960764454
 2.660858198600446
 2.5828236555775095
 2.579440319348536
 2.631835742783418
 2.6781886480684878
 2.6741649914625287
 2.6270713603444351
 2.5798004202493177
 2.567700976360094
 2.5900353047373907
 2.6174192567959746
 2.6221082845854191
 2.6011445301433982
 2.5741219513168776
 2.5622840333216623
 2.5701989393340972
 2.5850380972009579
 2.59072416102167
 2.5821436152195751
 2.5673774756928003
 2.5583376984340216
 2.5599403735614894
 2.567260823863899
 2.5715627465992186
 2.5684102318581292
 2.5605982150220896
 2.5544045003194182
 2.5536056516192072
 2.5567483925766017
 2.5593682555514548


