# Created by Octave 5.1.0, Thu Jun 11 16:03:46 2020 GMT <unknown@OKONKWO>
# name: SGD_Loss
# type: matrix
# rows: 100
# columns: 1
 290.27915872348535
 169.78324893895578
 99.760638215439656
 59.069069563435001
 35.422355221251514
 21.68074611713859
 13.695191479911312
 9.0545950470998804
 6.3578206293691419
 4.7906400054643932
 3.8798888953292923
 3.350602086414149
 3.0429918024660663
 2.8642021756350493
 2.7602728067192985
 2.6998462301171089
 2.664699996337577
 2.644244676066918
 2.6323265404527971
 2.6253695347649497
 2.6212955421833382
 2.6188969275223775
 2.6174719098583807
 2.6166126702814823
 2.6160822170786839
 2.6157428296326071
 2.615514475742053
 2.6153506470965473
 2.6152243167880047
 2.6151197789403215
 2.6150279065551776
 2.6149433957515087
 2.6148631643380376
 2.6147854211917965
 2.6147091254553954
 2.6146336722657511
 2.6145587101247783
 2.6144840347698612
 2.6144095274998427
 2.6143351193350464
 2.614260770189941
 2.6141864567699531
 2.6141121655380815
 2.6140378886276343
 2.6139636214670565
 2.6138893613996617
 2.6138151068815283
 2.6137408570153911
 2.6136666112797595
 2.6135923693715228
 2.6135181311144771
 2.613443896406149
 2.6133696651869363
 2.6132954374221313
 2.613221213091498
 2.6131469921832164
 2.613072774690349
 2.6129985606087951
 2.6129243499361152
 2.6128501426708151
 2.6127759388119705
 2.6127017383589797
 2.6126275413114159
 2.6125533476689782
 2.6124791574314181
 2.6124049705985306
 2.6123307871701256
 2.6122566071460356
 2.612182430526091
 2.6121082573101315
 2.6120340874979928
 2.6119599210895239
 2.6118857580845614
 2.6118115984829502
 2.6117374422845341
 2.6116632894891585
 2.6115891400966635
 2.6115149941068987
 2.6114408515196996
 2.6113667123349154
 2.6112925765523896
 2.6112184441719668
 2.6111443151934877
 2.6110701896167967
 2.6109960674417407
 2.6109219486681634
 2.6108478332959044
 2.6107737213248114
 2.6106996127547282
 2.6106255075854969
 2.610551405816961
 2.6104773074489693
 2.6104032124813621
 2.610329120913979
 2.6102550327466707
 2.6101809479792797
 2.6101068666116487
 2.6100327886436228
 2.6099587140750447
 2.6098846429057607


