# Created by Octave 5.1.0, Thu Jun 11 16:03:46 2020 GMT <unknown@OKONKWO>
# name: SGDNest_Loss
# type: matrix
# rows: 100
# columns: 1
 290.27915872348535
 13070141.239091
 594405435684.99817
 27032328243848552
 1.2293743316627651e+21
 5.5909399796164698e+25
 2.542643770137091e+30
 1.1563417538709549e+35
 5.2588029335830395e+39
 2.3915947168459493e+44
 1.0876477711531909e+49
 4.9463969198536459e+53
 2.2495189286138452e+58
 1.0230346436374756e+63
 4.6525497908451528e+67
 2.1158833369834446e+72
 9.6225994282394101e+76
 4.3761590319229359e+81
 1.9901865411209983e+86
 9.0509564199240676e+90
 4.1161876247651823e+95
 1.871956926560051e+100
 8.5132726064596374e+104
 3.8716601564694702e+109
 1.7607508957036561e+114
 8.0075305977999596e+118
 3.6416591598028336e+123
 1.6561512034458512e+128
 7.531832849573001e+132
 3.4253216708640795e+137
 1.5577653916677465e+142
 7.0843945434929598e+146
 3.2218359912426081e+151
 1.4652243167343796e+156
 6.6635368907208421e+160
 3.0304386425254151e+165
 1.3781807644675362e+170
 6.2676808330475642e+174
 2.8504115017255525e+179
 1.2963081473979188e+184
 5.8953411182664431e+188
 2.6810791068841789e+193
 1.2192992794087196e+198
 5.5451207275058107e+202
 2.5218061227367861e+207
 1.1468652231730998e+212
 5.2157056336133335e+216
 2.3719949569348764e+221
 1.0787342060611393e+226
 4.905859870925117e+230
 2.2310835178790432e+235
 1.0146506004487339e+240
 4.6144208979217247e+244
 2.0985431057508705e+249
 9.543739646025702e+253
 4.3402952353715352e+258
 1.9738764288308745e+263
 8.9767814054257694e+267
 4.0824543635959448e+272
 1.8566157376596026e+277
 8.4435040549701876e+281
 3.8399308634627667e+286
 1.7463210700413383e+291
 7.9419067376651366e+295
 3.6118147866290054e+300
 1.6425786003056377e+305
 Inf
 Inf
 Inf
 Inf
 Inf
 Inf
 Inf
 Inf
 Inf
 Inf
 Inf
 Inf
 Inf
 Inf
 Inf
 Inf
 Inf
 Inf
 Inf
 Inf
 Inf
 Inf
 Inf
 Inf
 Inf
 Inf
 Inf
 Inf
 Inf
 Inf
 Inf
 Inf
 Inf
 Inf


