# Created by Octave 5.1.0, Thu Jun 11 15:24:05 2020 GMT <unknown@OKONKWO>
# name: Adam_Loss
# type: matrix
# rows: 1000
# columns: 1
 290.27915872348535
 267.94206912182267
 239.65007455347816
 209.14019652362057
 178.56333842059226
 149.2898251642722
 122.19701736067447
 97.817337396630279
 76.430822092586752
 58.12988483343544
 42.867732216956547
 30.495992278077914
 20.794612046314775
 13.495887093907447
 8.3038559316920502
 4.9099312010466472
 3.0054167761806525
 2.2914128040753674
 2.4865077417327965
 3.3325806856061786
 4.5989792783822807
 6.085292772745146
 7.6229032316164904
 9.0754684893495128
 10.338467366946116
 11.337920251677781
 12.028386394410944
 12.390333213406608
 12.426972609480847
 12.160664703848957
 11.62900000190078
 10.880685589866479
 9.9713775211110018
 8.9596169781949992
 7.9030381509120318
 6.8550166374344013
 5.8619144761108499
 4.9610489673683515
 4.1794670653205541
 3.5335483903101679
 3.0293942323077405
 2.6638960828705196
 2.4263246912418088
 2.3002472929180118
 2.2655709730131126
 2.3005241341566651
 2.3834215569722028
 2.4941044667129031
 2.6149971912470424
 2.7317690050594061
 2.8336282144201017
 2.9133026039405157
 2.9667755686146933
 2.9928519162145184
 2.9926237904213959
 2.9688981218571073
 2.9256349804580681
 2.8674332354301537
 2.7990875152169088
 2.7252295355380376
 2.6500579041990417
 2.5771536488603908
 2.5093738500265244
 2.4488126632897664
 2.3968173868637863
 2.3540467640362626
 2.3205591142114241
 2.2959189034896466
 2.2793117796236313
 2.2696597310954498
 2.2657297482776499
 2.2662310615957657
 2.2698976305892362
 2.2755540049272001
 2.2821639383997492
 2.2888621891208505
 2.2949707750009112
 2.3000015739600692
 2.3036475721943077
 2.3057652863324241
 2.3063509369813171
 2.3055128564456768
 2.3034423997221412
 2.3003853243060499
 2.2966152404590576
 2.2924103380876195
 2.2880341959227479
 2.2837210967180712
 2.2796659280139284
 2.2760184561815797
 2.2728815313772497
 2.2703126170124346
 2.2683279389462929
 2.2669085122819763
 2.2660073196082675
 2.265556973723498
 2.2654772890358528
 2.2656822974271198
 2.2660863654686252
 2.2666091908315638
 2.2671795686165876
 2.267737917206829
 2.26823763423761
 2.2686454144308486
 2.2689407021251662
 2.2691144735038233
 2.2691675489804308
 2.269108627828456
 2.2689522181629904
 2.2687166090879387
 2.2684220013191396
 2.2680888806475088
 2.2677366875214826
 2.2673828075955975
 2.2670418835780399
 2.2667254288817733
 2.2664417087638444
 2.2661958447726307
 2.2659900930641239
 2.2658242459320026
 2.265696108020276
 2.2656020033821549
 2.2655372760373149
 2.2654967542241136
 2.2654751564838445
 2.2654674254909701
 2.2654689827136556
 2.2654759032286425
 2.2654850151173065
 2.2654939317363092
 2.2655010277802372
 2.2655053715061921
 2.2655066258999219
 2.2655049310985942
 2.2655007792380002
 2.2654948912594488
 2.2654881032857923
 2.2654812681306158
 2.2654751754902334
 2.2654704925046949
 2.2654677247504642
 2.2654671964019402
 2.2654690472992716
 2.2654732439894962
 2.2654796014479377
 2.2654878121027959
 2.2654974789322302
 2.2655081497283036
 2.2655193500722399
 2.2655306130892945
 2.2655415046021643
 2.265551642839621
 2.2655607123503545
 2.265568472197808
 2.2655747588556965
 2.2655794844792414
 2.2655826313942717
 2.2655842437308191
 2.2655844171396491
 2.2655832874819728
 2.2655810192882333
 2.26557779465608
 2.2655738031136239
 2.2655692328244164
 2.2655642633655271
 2.2655590601776923
 2.2655537706725282
 2.2655485218901683
 2.2655434195322788
 2.2655385481507437
 2.2655339722491332
 2.2655297380499957
 2.2655258756926804
 2.2655224016499091
 2.2655193211830076
 2.2655166306922223
 2.2655143198562158
 2.2655123734915836
 2.265510773096596
 2.265509498071927
 2.2655085266342141
 2.2655078364552717
 2.2655074050709354
 2.2655072101091598
 2.2655072293880911
 2.2655074409318789
 2.2655078229463745
 2.2655083537892127
 2.2655090119602144
 2.2655097761292429
 2.265510625210315
 2.2655115384834059
 2.2655124957593524
 2.2655134775785641
 2.2655144654314525
 2.265515441986675
 2.2655163913132919
 2.2655172990837498
 2.2655181527463792
 2.2655189416585633
 2.2655196571743779
 2.2655202926834015
 2.2655208436001595
 2.2655213073061051
 2.2655216830482057
 2.2655219717998514
 2.2655221760909305
 2.265522299814688
 2.2655223480191058
 2.2655223266904181
 2.2655222425358823
 2.2655221027720547
 2.2655219149240078
 2.2655216866397283
 2.2655214255229508
 2.2655211389865637
 2.2655208341277722
 2.2655205176253341
 2.2655201956583633
 2.2655198738457383
 2.2655195572045663
 2.2655192501259456
 2.2655189563660008
 2.2655186790501567
 2.2655184206886112
 2.2655181832010256
 2.2655179679486253
 2.2655177757720386
 2.2655176070333951
 2.2655174616614095
 2.265517339198293
 2.2655172388475826
 2.2655171595220454
 2.2655170998909804
 2.265517058426362
 2.2655170334473245
 2.2655170231625452
 2.2655170257102286
 2.2655170391953598
 2.265517061723977
 2.2655170914342495
 2.2655171265242311
 2.2655171652761421
 2.2655172060771105
 2.2655172474363399
 2.2655172879987515
 2.265517326555154
 2.2655173620490316
 2.2655173935801627
 2.2655174204052226
 2.2655174419356467
 2.2655174577330079
 2.265517467502185
 2.2655174710826746
 2.2655174684383361
 2.2655174596459102
 2.2655174448826179
 2.2655174244131846
 2.2655173985765305
 2.2655173677724427
 2.2655173324484843
 2.2655172930873015
 2.2655172501945953
 2.2655172042878591
 2.2655171558860325
 2.2655171055001779
 2.2655170536252185
 2.2655170007328209
 2.2655169472653753
 2.2655168936311441
 2.2655168402004628
 2.2655167873030329
 2.2655167352261927
 2.265516684214091
 2.2655166344677355
 2.2655165861457744
 2.2655165393659362
 2.2655164942070662
 2.2655164507116097
 2.2655164088885122
 2.2655163687163813
 2.2655163301468928
 2.2655162931083144
 2.2655162575090841
 2.2655162232413883
 2.2655161901846679
 2.2655161582089924
 2.2655161271782687
 2.2655160969532591
 2.2655160673943144
 2.2655160383639021
 2.2655160097287945
 2.2655159813620056
 2.2655159531444067
 2.2655159249660577
 2.2655158967272344
 2.2655158683391865
 2.2655158397246273
 2.2655158108179529
 2.2655157815652651
 2.2655157519241635
 2.2655157218633581
 2.2655156913621264
 2.2655156604096387
 2.2655156290041658
 2.2655155971522096
 2.2655155648675764
 2.2655155321704057
 2.2655154990861757
 2.2655154656447292
 2.2655154318793116
 2.2655153978256188
 2.2655153635209566
 2.2655153290033718
 2.2655152943109247
 2.265515259481008
 2.2655152245497305
 2.265515189551413
 2.2655151545181482
 2.2655151194794443
 2.2655150844619567
 2.2655150494892911
 2.2655150145818919
 2.265514979756976
 2.2655149450285617
 2.2655149104075152
 2.2655148759016894
 2.265514841516064
 2.2655148072529556
 2.2655147731122276
 2.265514739091544
 2.2655147051866305
 2.2655146713915357
 2.2655146376989146
 2.2655146041002872
 2.2655145705863107
 2.2655145371470384
 2.2655145037721436
 2.2655144704511554
 2.2655144371736591
 2.2655144039294735
 2.2655143707088197
 2.2655143375024447
 2.2655143043017514
 2.2655142710988776
 2.2655142378867676
 2.2655142046592238
 2.2655141714109281
 2.2655141381374517
 2.2655141048352525
 2.2655140715016433
 2.2655140381347594
 2.2655140047335127
 2.2655139712975347
 2.2655139378271016
 2.2655139043230754
 2.2655138707868332
 2.2655138372201811
 2.2655138036252818
 2.2655137700045844
 2.2655137363607478
 2.2655137026965626
 2.2655136690149149
 2.2655136353186887
 2.2655136016107398
 2.2655135678938341
 2.2655135341706076
 2.2655135004435385
 2.2655134667149079
 2.2655134329867788
 2.2655133992609886
 2.2655133655391326
 2.2655133318225515
 2.2655132981123449
 2.2655132644093676
