# Created by Octave 5.1.0, Thu Jun 11 15:37:39 2020 GMT <unknown@OKONKWO>
# name: Estimated_Data
# type: matrix
# rows: 41
# columns: 6
 24.604701511191386 24.574137021673376 NaN 16.768794210617859 24.595987936562228 24.43975408728663
 18.056661502389094 18.61481803013498 NaN 12.508107416787063 18.346534358309331 21.068865626817747
 22.065289961179946 22.263038821758261 NaN 15.116446753868862 22.172371926803223 23.132481517356091
 27.507950309785677 27.216360599929825 NaN 18.657883739507035 27.366850449397148 25.934327709301151
 25.860687789637204 25.717200117224444 NaN 17.586040919955789 25.794702045137974 25.086327664544701
 17.303936991998661 17.929769456189778 NaN 12.018323698834507 17.628133603491925 20.681367938566552
 23.87959960098852 23.91422755586926 NaN 16.296984000412998 23.903950209055402 24.066476334175611
 25.243095409690298 25.155134217520175 NaN 17.184185144231591 25.205271482164537 24.768395119227627
 27.023600914127343 26.775558077616768 NaN 18.342726674048169 26.904587075967445 25.684987786749517
 26.689482539820045 26.471479609746257 NaN 18.125322115879058 26.585704285534298 25.512985818088808
 19.104542902824775 19.568486535840769 NaN 13.189944186008921 19.346633038026354 21.608308164725315
 25.609240789032093 25.488360207257934 NaN 17.422429073756557 25.554720866715087 24.956884382032698
 23.807602094207201 23.848703199126088 NaN 16.250136573408959 23.835235742470754 24.029412485380334
 18.175546687262823 18.723014488781875 NaN 12.585463776322545 18.459998454895736 21.130066947712677
 23.696127256197553 23.747250838062843 NaN 16.177601987561335 23.728844085677565 23.97202596291342
 20.589850678116289 20.920253296837299 NaN 14.156406091319772 20.764211730066179 22.372934958887292
 26.165017586843661 25.994168238638718 NaN 17.784062609833022 26.085154598507263 25.242994667220472
 29.748366785212578 29.255345766944579 NaN 20.115680710310571 29.505105368473977 27.087679557107329
 21.855067176641114 22.071716742071473 NaN 14.979658731706065 21.97173516659705 23.024260193482533
 25.825034702383107 25.684752526847063 NaN 17.562842124924202 25.760674715827776 25.067973686828715
 29.211095964691136 28.766379877910786 NaN 19.766088666488429 28.992333753260109 26.811096028813701
 22.626729560836704 22.77400052393763 NaN 15.48176496887298 22.708210240303323 23.421506976148208
 22.483852724910339 22.643969455000615 NaN 15.388797692076036 22.571848496586245 23.347954909141123
 17.017027404724512 17.668655328909111 NaN 11.831637012760638 17.354306909639227 20.533668746802263
 26.887240708949872 26.651457742354335 NaN 18.253999646628863 26.774444808810848 25.61479043891994
 25.221177663338761 25.135187051359182 NaN 17.169923677853106 25.184353171008876 24.757112005783519
 24.509604825875961 24.487590286761744 NaN 16.706916581477557 24.505227599190196 24.39079893143424
 27.429518971228322 27.144980864196945 NaN 18.606849938863704 27.291995529644748 25.893951765701736
 29.018892604086421 28.591457132241938 NaN 19.64102554543884 28.808894742797641 26.71215098732727
 25.090764844052643 25.016499384566199 NaN 17.085066502861554 25.059887092756131 24.689976333576592
 27.991883008443747 27.656783889626091 NaN 18.972769668044986 27.828716126942918 26.183453118943913
 23.956505522385193 23.984219021609366 NaN 16.347025240726392 23.97734926969266 24.106067002929812
 24.006028013332699 24.029289045679935 NaN 16.379248596554092 24.024613566770849 24.131560859571529
 27.063328331109222 26.811713682986717 NaN 18.368576559000026 26.942502948179346 25.705439202942522
 25.693804272026942 25.565320758739663 NaN 17.47745294574759 25.635428309046119 25.000417113754132
 26.815565109467641 26.58622635087686 NaN 18.207361678665421 26.706037570758621 25.577892305911121
 22.692089807992851 22.833484363627932 NaN 15.524293655552562 22.770590102050715 23.455154006804079
 17.663470014354626 18.256977592568131 NaN 12.252265091715264 17.971272150300152 20.866453202949184
 20.803571577242831 21.114758982712974 NaN 14.295470271020877 20.968187093075315 22.482957089426851
 32.600147079024921 31.850728269459154 NaN 21.971280648676807 32.226846307380754 28.555757527199475
 30.107649614343671 29.582326204464263 NaN 20.349459307153477 29.848005130708149 27.272636023643052


