# Created by Octave 5.1.0, Thu Jun 11 15:24:05 2020 GMT <unknown@OKONKWO>
# name: RMSProp_Loss
# type: matrix
# rows: 1000
# columns: 1
 290.27915872348535
 289.03773099896597
 288.13970291844856
 287.38930834095231
 286.72431019727316
 286.11581627763383
 285.54772474212803
 285.0100196478071
 284.49599369636434
 284.00091072631108
 283.52129029589776
 283.05449406215678
 282.59847181637048
 282.15159787750525
 281.71256147189365
 281.28029083776306
 280.85389919860705
 280.4326453748746
 280.01590446592479
 279.60314562691656
 279.19391495040333
 278.78782208974633
 278.38452967140375
 277.98374481725375
 277.58521228517958
 277.18870886620635
 276.79403876843145
 276.40102978400068
 276.00953008343328
 275.61940551702918
 275.23053732952894
 274.84282021413543
 274.45616064719763
 274.07047545655291
 273.68569058558415
 273.30174002216307
 272.91856486723253
 272.5361125222496
 272.1543359782533
 271.77319319220612
 271.39264653857595
 271.01266232601796
 270.6332103705862
 270.25426361817591
 269.87579780996862
 269.49779118554096
 269.12022421903686
 268.7430793844394
 268.36634094649241
 267.98999477428868
 267.61402817491199
 267.23842974485399
 266.86318923720847
 266.48829744288821
 266.11374608431601
 265.73952772023222
 265.36563566041144
 264.99206388922079
 264.61880699707871
 264.24586011897571
 263.87321887930619
 263.50087934235501
 263.12883796784274
 262.75709157100516
 262.38563728673768
 262.01447253737996
 261.6435950037735
 261.27300259924675
 260.90269344623596
 260.53266585526677
 260.16291830605974
 259.79344943053906
 259.42425799755569
 259.05534289914982
 258.68670313819115
 258.31833781726851
 257.95024612869236
 257.58242734550061
 257.21488081337174
 256.84760594334665
 256.48060220528026
 256.11386912195371
 255.74740626377184
 255.38121324399694
 255.01528971445717
 254.64963536168588
 254.28424990344826
 253.91913308561536
 253.55428467935087
 253.18970447858067
 252.82539229771473
 252.46134796959649
 252.09757134366066
 251.73406228427072
 251.3708206692267
 251.0078463884204
 250.64513934262575
 250.28269944240981
 249.92052660715356
 249.55862076416932
 249.19698184790713
 248.83560979924263
 248.47450456483105
 248.11366609653155
 247.75309435088502
 247.39278928864658
 247.03275087436336
 246.67297907599516
 246.31347386457315
 245.95423521389199
 245.59526310023378
 245.23655750211924
 244.87811840008277
 244.51994577647179
 244.16203961526449
 243.80439990190732
 243.44702662316709
 243.08991976699926
 242.73307932242926
 242.37650527944416
 242.02019762889699
 241.66415636242013
 241.30838147234667
 240.95287295164084
 240.59763079383336
 240.24265499296664
 239.88794554354087
 239.53350244047064
 239.17932567904086
 238.82541525487164
 238.47177116388332
 238.11839340226621
 237.76528196645373
 237.41243685309851
 237.05985805904905
 236.70754558133078
 236.35549941712745
 236.00371956376569
 235.65220601870072
 235.30095877950265
 234.94997784384449
 234.59926320949322
 234.24881487429801
 233.89863283618388
 233.54871709314239
 233.19906764322553
 232.8496844845389
 232.50056761523726
 232.15171703351797
 231.80313273761703
 231.45481472580585
 231.10676299638649
 230.75897754768818
 230.41145837806556
 230.0642054858952
 229.71721886957249
 229.37049852751113
 229.02404445814031
 228.67785665990178
 228.33193513125059
 227.98627987065186
 227.64089087658022
 227.29576814751849
 226.95091168195688
 226.60632147839129
 226.26199753532376
 225.91793985126026
 225.57414842471127
 225.23062325419005
 224.8873643382131
 224.54437167529889
 224.20164526396783
 223.85918510274163
 223.51699119014347
 223.17506352469653
 222.83340210492426
 222.49200692935176
 222.15087799650229
 221.81001530489976
 221.46941885306708
 221.1290886395266
 220.78902466280013
 220.44922692140804
 220.10969541386973
 219.77043013870335
 219.43143109442582
 219.09269827955208
 218.75423169259622
 218.41603133207025
 218.07809719648449
 217.74042928434778
 217.40302759416684
 217.06589212444652
 216.72902287368996
 216.39241984039822
 216.05608302306999
 215.72001242020269
 215.38420803029064
 215.04866985182713
 214.71339788330206
 214.37839212320441
 214.0436525700201
 213.70917922223325
 213.3749720783257
 213.04103113677641
 212.70735639606298
 212.37394785466012
 212.04080551104033
 211.70792936367403
 211.37531941102884
 211.0429756515706
 210.710898083762
 210.37908670606427
 210.04754151693575
 209.71626251483195
 209.38524969820671
 209.0545030655114
 208.72402261519417
 208.39380834570153
 208.06386025547735
 207.73417834296313
 207.40476260659727
 207.07561304481644
 206.74672965605461
 206.41811243874301
 206.0897613913107
 205.76167651218384
 205.43385779978678
 205.10630525254055
 204.77901886886406
 204.45199864717358
 204.12524458588285
 203.79875668340324
 203.47253493814353
 203.14657934850931
 202.82088991290442
 202.49546662973
 202.17030949738412
 201.84541851426295
 201.52079367875922
 201.19643498926362
 200.8723424441641
 200.54851604184626
 200.22495578069277
 199.90166165908349
 199.57863367539605
 199.25587182800544
 198.93337611528349
 198.61114653559994
 198.28918308732159
 197.96748576881282
 197.64605457843507
 197.32488951454664
 197.00399057550456
 196.68335775966165
 196.36299106536887
 196.04289049097414
 195.72305603482286
 195.40348769525798
 195.08418547061865
 194.76514935924283
 194.44637935946417
 194.12787546961479
 193.80963768802334
 193.49166601301599
 193.17396044291627
 192.85652097604458
 192.53934761071858
 192.22244034525372
 191.90579917796177
 191.58942410715252
 191.27331513113216
 190.95747224820477
 190.64189545667099
 190.3265847548293
 190.01154014097477
 189.69676161339984
 189.38224917039418
 189.06800281024451
 188.75402253123426
 188.44030833164504
 188.12686020975465
 187.81367816383806
 187.50076219216803
 187.18811229301355
 186.87572846464141
 186.563610705315
 186.25175901329484
 185.94017338683901
 185.62885382420183
 185.31780032363554
 185.00701288338885
 184.69649150170736
 184.3862361768345
 184.07624690700985
 183.76652369047048
 183.45706652545044
 183.14787541018069
 182.83895034288895
 182.53029132180035
 182.22189834513676
 181.91377141111738
 181.6059105179574
 181.29831566387006
 180.9909868470651
 180.68392406574918
 180.3771273181257
 180.07059660239554
 179.76433191675565
 179.45833325940086
 179.15260062852229
 178.84713402230781
 178.54193343894278
 178.23699887660868
 177.93233033348491
 177.62792780774643
 177.32379129756598
 177.01992080111285
 176.71631631655316
 176.41297784204991
 176.10990537576285
 175.80709891584846
 175.50455846046029
 175.20228400774837
 174.90027555585971
 174.59853310293812
 174.29705664712387
 173.9958461865545
 173.69490171936377
 173.39422324368257
 173.09381075763838
 172.7936642593551
 172.49378374695439
 172.19416921855316
 171.89482067226589
 171.59573810620367
 171.29692151847433
 170.99837090718185
 170.70008627042779
 170.40206760630915
 170.10431491292096
 169.80682818835368
 169.50960743069513
 169.2126526380294
 168.91596380843748
 168.61954093999671
 168.32338403078106
 168.02749307886103
 167.73186808230392
 167.43650903917347
 167.14141594752996
 166.8465888054302
 166.55202761092755
 166.25773236207178
 165.96370305690971
 165.66993969348383
 165.37644226983383
 165.08321078399544
 164.79024523400122
 164.49754561788004
 164.20511193365712
 163.91294417935435
 163.62104235298978
 163.3294064525783
 163.038036476131
 162.74693242165512
 162.4560942871548
 162.16552207063023
 161.87521577007823
 161.58517538349173
 161.29540090886007
 161.0058923441693
 160.71664968740143
 160.42767293653478
 160.13896208954432
 159.85051714440121
