# Created by Octave 5.1.0, Thu Jun 11 15:24:04 2020 GMT <unknown@OKONKWO>
# name: SGD_Loss
# type: matrix
# rows: 1000
# columns: 1
 290.27915872348535
 169.78324893895578
 99.760638215439656
 59.069069563435001
 35.422355221251514
 21.68074611713859
 13.695191479911312
 9.0545950470998804
 6.3578206293691419
 4.7906400054643932
 3.8798888953292923
 3.350602086414149
 3.0429918024660663
 2.8642021756350493
 2.7602728067192985
 2.6998462301171089
 2.664699996337577
 2.644244676066918
 2.6323265404527971
 2.6253695347649497
 2.6212955421833382
 2.6188969275223775
 2.6174719098583807
 2.6166126702814823
 2.6160822170786839
 2.6157428296326071
 2.615514475742053
 2.6153506470965473
 2.6152243167880047
 2.6151197789403215
 2.6150279065551776
 2.6149433957515087
 2.6148631643380376
 2.6147854211917965
 2.6147091254553954
 2.6146336722657511
 2.6145587101247783
 2.6144840347698612
 2.6144095274998427
 2.6143351193350464
 2.614260770189941
 2.6141864567699531
 2.6141121655380815
 2.6140378886276343
 2.6139636214670565
 2.6138893613996617
 2.6138151068815283
 2.6137408570153911
 2.6136666112797595
 2.6135923693715228
 2.6135181311144771
 2.613443896406149
 2.6133696651869363
 2.6132954374221313
 2.613221213091498
 2.6131469921832164
 2.613072774690349
 2.6129985606087951
 2.6129243499361152
 2.6128501426708151
 2.6127759388119705
 2.6127017383589797
 2.6126275413114159
 2.6125533476689782
 2.6124791574314181
 2.6124049705985306
 2.6123307871701256
 2.6122566071460356
 2.612182430526091
 2.6121082573101315
 2.6120340874979928
 2.6119599210895239
 2.6118857580845614
 2.6118115984829502
 2.6117374422845341
 2.6116632894891585
 2.6115891400966635
 2.6115149941068987
 2.6114408515196996
 2.6113667123349154
 2.6112925765523896
 2.6112184441719668
 2.6111443151934877
 2.6110701896167967
 2.6109960674417407
 2.6109219486681634
 2.6108478332959044
 2.6107737213248114
 2.6106996127547282
 2.6106255075854969
 2.610551405816961
 2.6104773074489693
 2.6104032124813621
 2.610329120913979
 2.6102550327466707
 2.6101809479792797
 2.6101068666116487
 2.6100327886436228
 2.6099587140750447
 2.6098846429057607
 2.6098105751356115
 2.6097365107644426
 2.6096624497920988
 2.609588392218424
 2.6095143380432617
 2.6094402872664557
 2.6093662398878497
 2.6092921959072881
 2.609218155324617
 2.6091441181396777
 2.609070084352318
 2.6089960539623771
 2.6089220269697009
 2.6088480033741344
 2.6087739831755221
 2.6086999663737074
 2.6086259529685321
 2.6085519429598429
 2.6084779363474846
 2.608403933131298
 2.6083299333111332
 2.6082559368868306
 2.6081819438582325
 2.6081079542251846
 2.6080339679875322
 2.6079599851451172
 2.6078860056977891
 2.6078120296453857
 2.607738056987754
 2.6076640877247392
 2.6075901218561821
 2.6075161593819325
 2.6074422003018274
 2.6073682446157185
 2.607294292323445
 2.6072203434248533
 2.6071463979197875
 2.6070724558080918
 2.6069985170896084
 2.6069245817641851
 2.606850649831661
 2.6067767212918875
 2.6067027961447029
 2.6066288743899553
 2.606554956027487
 2.606481041057144
 2.606407129478769
 2.6063332212922026
 2.6062593164973
 2.6061854150938943
 2.6061115170818372
 2.60603762246097
 2.605963731231137
 2.605889843392184
 2.6058159589439516
 2.6057420778862888
 2.6056682002190388
 2.6055943259420449
 2.6055204550551543
 2.6054465875582062
 2.6053727234510475
 2.6052988627335263
 2.6052250054054809
 2.6051511514667607
 2.6050773009172072
 2.6050034537566678
 2.6049296099849819
 2.6048557696019987
 2.6047819326075632
 2.6047080990015132
 2.6046342687837032
 2.6045604419539683
 2.6044866185121602
 2.6044127984581187
 2.6043389817916904
 2.6042651685127192
 2.6041913586210503
 2.6041175521165276
 2.6040437489989952
 2.6039699492682997
 2.6038961529242823
 2.6038223599667925
 2.6037485703956702
 2.6036747842107624
 2.6036010014119131
 2.6035272219989674
 2.6034534459717689
 2.6033796733301622
 2.6033059040739923
 2.6032321382031065
 2.6031583757173431
 2.6030846166165533
 2.60301086090058
 2.6029371085692641
 2.6028633596224555
 2.6027896140599953
 2.6027158718817303
 2.6026421330875036
 2.6025683976771616
 2.6024946656505481
 2.6024209370075067
 2.6023472117478854
 2.6022734898715223
 2.6021997713782712
 2.6021260562679691
 2.6020523445404655
 2.601978636195605
 2.6019049312332294
 2.601831229653182
 2.6017575314553172
 2.6016838366394683
 2.6016101452054849
 2.6015364571532138
 2.6014627724824972
 2.6013890911931816
 2.6013154132851102
 2.601241738758127
 2.601168067612079
 2.6010943998468123
 2.6010207354621673
 2.6009470744579923
 2.6008734168341325
 2.6007997625904302
 2.6007261117267326
 2.6006524642428834
 2.6005788201387277
 2.6005051794141076
 2.6004315420688733
 2.60035790810287
 2.6002842775159367
 2.6002106503079214
 2.6001370264786705
 2.6000634060280237
 2.599989788955833
 2.5999161752619409
 2.5998425649461918
 2.5997689580084291
 2.5996953544484991
 2.5996217542662481
 2.5995481574615233
 2.5994745640341606
 2.5994009739840118
 2.5993273873109235
 2.5992538040147348
 2.5991802240952961
 2.5991066475524485
 2.5990330743860417
 2.5989595045959177
 2.5988859381819203
 2.5988123751438956
 2.5987388154816919
 2.5986652591951471
 2.5985917062841133
 2.5985181567484337
 2.5984446105879524
 2.5983710678025171
 2.5982975283919649
 2.5982239923561505
 2.5981504596949181
 2.5980769304081051
 2.5980034044955613
 2.5979298819571377
 2.5978563627926694
 2.5977828470020068
 2.5977093345849931
 2.5976358255414751
 2.5975623198712987
 2.5974888175743076
 2.597415318650349
 2.5973418230992631
 2.5972683309209001
 2.5971948421151065
 2.5971213566817206
 2.5970478746205918
 2.5969743959315674
 2.5969009206144897
 2.5968274486692042
 2.5967539800955581
 2.5966805148933951
 2.5966070530625585
 2.5965335946028976
 2.5964601395142557
 2.5963866877964756
 2.5963132394494091
 2.5962397944728961
 2.5961663528667831
 2.5960929146309186
 2.5960194797651428
 2.5959460482693029
 2.595872620143246
 2.5957991953868165
 2.5957257739998605
 2.5956523559822187
 2.5955789413337427
 2.5955055300542744
 2.5954321221436611
 2.5953587176017479
 2.5952853164283778
 2.5952119186233995
 2.5951385241866558
 2.595065133117993
 2.5949917454172575
 2.5949183610842934
 2.5948449801189493
 2.5947716025210648
 2.5946982282904902
 2.5946248574270689
 2.5945514899306477
 2.594478125801071
 2.5944047650381865
 2.5943314076418371
 2.5942580536118669
 2.5941847029481244
 2.5941113556504538
 2.5940380117187019
 2.5939646711527131
 2.5938913339523335
 2.5938180001174107
 2.5937446696477839
 2.5936713425433067
 2.5935980188038195
 2.5935246984291678
 2.593451381419198
 2.5933780677737595
 2.5933047574926928
 2.5932314505758418
 2.5931581470230594
 2.5930848468341887
 2.5930115500090731
 2.5929382565475572
 2.5928649664494903
 2.5927916797147179
 2.5927183963430798
 2.5926451163344315
 2.5925718396886115
 2.5924985664054634
 2.5924252964848398
 2.5923520299265834
 2.5922787667305403
 2.5922055068965544
 2.5921322504244717
 2.5920589973141412
 2.5919857475654049
 2.5919125011781112
 2.5918392581521039
 2.5917660184872298
 2.5916927821833338
 2.5916195492402636
 2.5915463196578621
 2.591473093435976
 2.5913998705744543
 2.5913266510731376
 2.5912534349318741
 2.5911802221505105
 2.5911070127288931
 2.5910338066668661
 2.5909606039642745
 2.5908874046209664
 2.5908142086367865
 2.5907410160115774
 2.590667826745193
 2.5905946408374709
 2.5905214582882627
 2.5904482790974144
 2.5903751032647651
 2.5903019307901669
 2.5902287616734649
 2.5901555959145028
 2.5900824335131296
 2.5900092744691872
 2.5899361187825249
 2.5898629664529862
 2.5897898174804199
 2.5897166718646689
 2.5896435296055809
 2.5895703907030012
