# Created by Octave 5.1.0, Thu Jun 11 15:24:04 2020 GMT <unknown@OKONKWO>
# name: SGDwM_Loss
# type: matrix
# rows: 1000
# columns: 1
 290.27915872348535
 169.78324893895578
 41.404366528958526
 4.2643160535004982
 62.505804016434681
 139.72000307288687
 158.84838665189329
 107.46329544823473
 35.930050856646062
 2.7583958600615457
 23.448400987249162
 65.479251167503236
 84.91619632655194
 65.731862929126777
 28.031606864697363
 4.1261088998995659
 8.8195710127939755
 30.169681459539415
 44.653068598694908
 39.258025446226384
 20.481735000184667
 5.1017754024994826
 3.9984961792688796
 14.046279633909185
 23.406229225215814
 23.192433175250635
 14.422639301681061
 5.2639069684410833
 2.7492253105180819
 7.0291933051200912
 12.544207578559231
 13.809660644018667
 10.039166740318009
 4.9119500469258739
 2.6038965962941747
 4.1526955001552146
 7.1712406086897165
 8.515744134347063
 7.0879849466697156
 4.3734539190705579
 2.6898843212980372
 3.064164091632628
 4.6058662469939993
 5.6234580944035235
 5.2069434117294708
 3.8482435405188951
 2.7568409849454727
 2.6980261350237362
 3.4281151675337918
 4.091412495001018
 4.0600591231690712
 3.4214931530624932
 2.7677248841383286
 2.5974976017260532
 2.9110791454491993
 3.3041746253071418
 3.3866033400319631
 3.1095277187098431
 2.741533637126921
 2.5805289499797532
 2.695591307786136
 2.9116532427149426
 3.0038494846278225
 2.897130284178258
 2.7011212827484763
 2.5820141496116236
 2.6109224292230087
 2.7215720481527161
 2.7923753132585816
 2.7597603960764454
 2.660858198600446
 2.5828236555775095
 2.579440319348536
 2.631835742783418
 2.6781886480684878
 2.6741649914625287
 2.6270713603444351
 2.5798004202493177
 2.567700976360094
 2.5900353047373907
 2.6174192567959746
 2.6221082845854191
 2.6011445301433982
 2.5741219513168776
 2.5622840333216623
 2.5701989393340972
 2.5850380972009579
 2.59072416102167
 2.5821436152195751
 2.5673774756928003
 2.5583376984340216
 2.5599403735614894
 2.567260823863899
 2.5715627465992186
 2.5684102318581292
 2.5605982150220896
 2.5544045003194182
 2.5536056516192072
 2.5567483925766017
 2.5593682555514548
 2.5583368706062348
 2.5542524698757556
 2.5502212635481225
 2.5487472078718434
 2.549723019681049
 2.5510142083918756
 2.5506489090731801
 2.548454213946052
 2.54585862984041
 2.5443763366692362
 2.544307088874715
 2.5447115851935203
 2.5444408052511491
 2.5431474858569216
 2.5414266812256163
 2.5401318536494037
 2.5396022107577401
 2.5394723696857731
 2.5391148575762648
 2.5382205280740808
 2.5369992332180846
 2.5359029829768795
 2.535196719515981
 2.5347690870889981
 2.534297818012397
 2.5335623179746602
 2.5326108072324125
 2.5316681270432193
 2.5309115436715124
 2.530329458309605
 2.5297669010319228
 2.529083796920732
 2.5282705687653433
 2.5274312976016984
 2.526673861665766
 2.5260177476452883
 2.5253942329776913
 2.5247212330933371
 2.5239752516358882
 2.5232000615391339
 2.5224567867645926
 2.5217687844461292
 2.521108983906712
 2.5204323353608946
 2.5197173219666262
 2.5189796636527237
 2.5182518925244506
 2.5175525776837104
 2.5168732235816496
 2.5161905769806046
 2.5154890940467496
 2.5147726135721098
 2.5140574029777141
 2.5133560041124698
 2.5126673047310764
 2.5119800592428518
 2.5112843221202383
 2.5105796095375257
 2.5098735001333798
 2.5091736761003682
 2.5084813897813811
 2.5077916167773666
 2.5070984954006823
 2.5064004423048662
 2.5057006742490811
 2.5050035669791151
 2.5043107251148768
 2.5036201455972469
 2.5029285951949642
 2.5022345782795421
 2.5015392698103649
 2.500845010130087
 2.5001530992789704
 2.4994628914851429
 2.4987727094834549
 2.4980814587025213
 2.4973894415633415
 2.4966978343685682
 2.4960075238008983
 2.4953184098476107
 2.4946296767431981
 2.4939406185825583
 2.4932512151449027
 2.4925620178181362
 2.491873573285639
 2.4911859607674405
 2.4904988130595385
 2.4898117116288785
 2.4891245501536545
 2.4884375646829842
 2.4877510682168555
 2.4870651705982088
 2.4863797236764662
 2.485694495368532
 2.4850093817430983
 2.4843244703254777
 2.4836399292872113
 2.4829558494252737
 2.4822721816978714
 2.4815888050488342
 2.4809056423359981
 2.4802227170637057
 2.4795401141288944
 2.478857896053988
 2.4781760540901465
 2.4774945289662931
 2.4768132704817867
 2.4761322781034827
 2.4754515918013453
 2.4747712503363832
 2.4740912585026602
 2.4734115893584412
 2.4727322129088973
 2.4720531219279978
 2.471374333598904
 2.4706958701780888
 2.470017739040371
 2.4693399291184721
 2.4686624236365846
 2.4679852152600992
 2.4673083103747118
 2.4666317209369333
 2.4659554531575885
 2.4652795032017871
 2.464603862213028
 2.4639285246357128
 2.4632534921624472
 2.4625787707950999
 2.4619043648163363
 2.4612302733630043
 2.4605564920083003
 2.4598830170613537
 2.459209848427323
 2.4585369888797581
 2.4578644410429709
 2.4571922050745134
 2.4565202788770595
 2.4558486601795955
 2.4551773483706003
 2.4545063445780628
 2.4538356502617327
 2.4531652657921561
 2.4524951902221908
 2.4518254222178464
 2.4511559611400293
 2.4504868073325361
 2.4498179615232925
 2.4491494240142453
 2.4484811943860234
 2.4478132718695957
 2.4471456559435119
 2.4464783466081612
 2.4458113441661826
 2.4451446487887942
 2.4444782602758894
 2.4438121781762407
 2.4431464020975633
 2.4424809319078782
 2.4418157676782664
 2.4411509094646879
 2.4404863571440956
 2.4398221104333779
 2.4391581690402702
 2.4384945327934462
 2.4378312016455457
 2.4371681755707399
 2.4365054544635956
 2.4358430381246245
 2.4351809263282846
 2.4345191189001829
 2.4338576157363652
 2.433196416759368
 2.4325355218602387
 2.431874930878315
 2.4312146436286621
 2.4305546599449475
 2.429894979698441
 2.4292356027816413
 2.4285765290771013
 2.4279177584406533
 2.4272592907104862
 2.426601125729523
 2.425943263359577
 2.4252857034768791
 2.424628445956313
 2.4239714906598353
 2.4233148374381033
 2.4226584861414073
 2.422002436628901
 2.4213466887686277
 2.4206912424300628
 2.4200360974769155
 2.4193812537662596
 2.4187267111534578
 2.4180724694976954
 2.4174185286632599
 2.416764888516314
 2.4161115489207567
 2.4154585097368244
 2.4148057708231363
 2.4141533320397559
 2.4135011932495107
 2.4128493543167742
 2.4121978151052228
 2.4115465754766592
 2.4108956352917117
 2.4102449944114368
 2.4095946526983134
 2.4089446100158933
 2.4082948662276791
 2.4076454211962832
 2.4069962747835825
 2.4063474268515015
 2.4056988772626613
 2.4050506258803832
 2.4044026725681342
 2.4037550171890167
 2.4031076596057228
 2.4024605996808805
 2.4018138372774676
 2.4011673722588784
 2.4005212044886934
 2.3998753338303871
 2.3992297601472274
 2.3985844833024332
 2.3979395031593835
 2.3972948195817119
 2.3966504324332294
 2.3960063415777424
 2.3953625468789843
 2.3947190482006606
 2.3940758454065749
 2.3934329383606858
 2.3927903269270829
 2.3921480109699176
 2.3915059903533304
 2.3908642649414622
 2.3902228345985268
 2.3895816991888417
 2.3889408585768268
 2.3883003126269746
 2.3876600612038104
 2.3870201041718881
 2.3863804413958078
 2.3857410727402621
 2.3851019980700272
 2.3844632172499458
 2.3838247301449216
 2.3831865366198861
 2.3825486365398385
 2.3819110297698396
 2.3812737161750297
 2.3806366956206153
 2.3799999679718638
 2.3793635330940952
 2.3787273908526778
 2.3780915411130557
 2.3774559837407314
 2.3768207186012793
 2.3761857455603339
 2.3755510644835902
 2.3749166752367952
 2.3742825776857566
 2.373648771696355
 2.3730152571345302
 2.372382033866284
 2.3717491017576795
 2.3711164606748381
 2.3704841104839431
 2.3698520510512369
 2.3692202822430324
 2.368588803925697
 2.3679576159656648
 2.3673267182294251
 2.3666961105835318
 2.3660657928946001
